               *   GFS  2010052500   *
               *   AL90  INVEST   *

                ------------------------------------------------------     STORM DATA     ----------------------------------------------------------

TIME      (HR)       0     6    12    18    24    30    36    42    48    54    60    66    72    78    84
LATITUDE  (DEG)   28.9  28.7  29.2  29.7  30.4  31.4  32.4  33.1  33.2  32.3  31.8  31.5  31.7  31.6  31.9
LONGITUDE (DEG)  287.8 287.7 287.7 288.1 288.0 287.9 287.7 287.3 286.9 285.7 286.2 288.5 290.2 291.6 293.5
MAX WIND  (KT)      29    21    22    19    16    18    19    20    22    21    21    20    17    18    18
RMW       (KM)     134   119   158   164   151   165   155   170   139    97   164   144   151   165   111
MIN SLP   (MB)    1005  1005  1006  1007  1006  1007  1007  1007  1006  1005  1005  1006  1005  1004  1006
SHR MAG   (KT)      30    29    24    23    21    18    11     6    11    17    10    14    20    23    22
SHR DIR   (DEG)    240   254   250   255   251   258   263   251   239   289   306   277   275   286   268
STM SPD   (KT)       2     5     6     7    10    10     8     3    14     7    20    15    12    16  9999
STM HDG   (DEG)    204     0    35   353   355   350   334   287   228   140    99    82    95    79  9999
SST       (C)     23.9  24.0  24.0  23.8  23.7  23.8  24.1  24.2  24.3  24.8  24.7  23.6  23.1  22.9  22.0
OHC    (KJ/CM2)   9999  9999  9999  9999  9999  9999  9999  9999  9999  9999  9999  9999  9999  9999  9999
TPW       (MM)    42.8  40.2  43.1  42.5  40.4  38.6  37.9  38.8  38.9  37.9  37.7  40.9  40.8  39.6  38.3
LAND      (KM)     771   785   737   712   645   557   469   389   354   344   417   591   700   815   956
850TANG (10M/S)    103    87    91    83    78    76    66    63    60    65    70    66    59    55    47
850VORT   (/S)     113   116   111   103    69    60    61    42    30    48    42     6    20    60    40
200DVRG   (/S)      11    50    14    44    41    11    17    16    -2    11   -11    10    -8    20   -10

                ------------------------------------------------------     SOUNDING DATA     -------------------------------------------------------

NLEV 012 SURF 1000 0925 0850 0700 0500 0400 0300 0250 0200 0150 0100
TIME      (HR)       0     6    12    18    24    30    36    42    48    54    60    66    72    78    84
T_SURF    (C)     24.6  24.8  24.6  24.4  23.8  23.0  22.3  23.5  22.4  21.6  23.0  24.0  23.4  23.4  23.1
R_SURF    (%)     9999  9999  9999  9999  9999  9999  9999  9999  9999  9999  9999  9999  9999  9999  9999
P_SURF    (MB)    1012  1011  1012  1012  1011  1011  1011  1011  1009  1009  1009  1008  1008  1007  1008
U_SURF    (KT)    -7.3  -3.4  -0.1  -0.4  -4.3  -5.0  -5.3  -3.4  -2.8  -2.6   1.1   3.3   3.4   6.0   5.9
V_SURF    (KT)    -9.0  -4.3  -3.4   0.8   1.5   5.1   1.6   1.4  -2.6  -1.6  -2.3   1.4   0.2   2.4  -2.6
T_1000    (C)     23.5  23.5  23.1  23.3  22.9  22.2  21.5  23.0  23.2  22.5  22.5  23.6  23.3  22.9  22.0
R_1000    (%)       77    78    79    78    80    81    80    74    75    76    77    75    77    79    77
Z_1000    (DM)      10     9    10    10    10    10    10     9     8     8     8     7     7     6     7
U_1000    (KT)    -8.8  -4.2  -0.3  -0.5  -5.0  -5.7  -6.1  -3.7  -3.1  -2.8   1.4   4.2   4.3   7.1   7.2
V_1000    (KT)   -10.2  -4.7  -3.6   1.4   2.1   6.4   2.2   1.9  -2.8  -1.8  -2.3   2.0   0.4   2.9  -2.8
T_0925    (C)     18.3  18.4  18.1  18.3  18.2  18.0  17.8  18.5  19.1  19.1  19.0  19.3  19.4  18.7  17.3
R_0925    (%)       83    84    84    83    82    80    78    76    75    74    74    72    72    75    77
Z_0925    (DM)      78    77    78    78    77    77    77    77    75    75    75    75    74    74    74
U_0925    (KT)   -10.1  -5.0   0.2   0.3  -3.7  -4.7  -5.3  -3.2  -2.8  -4.5   1.5   6.3   6.9   9.1  10.2
V_0925    (KT)   -10.5  -4.0  -2.8   2.6   3.5   8.9   3.9   3.5  -2.8  -1.6  -2.0   2.3  -0.0   2.9  -3.9
T_0850    (C)     14.6  14.5  14.2  14.4  14.4  14.1  14.0  14.5  14.9  14.9  14.7  15.0  15.0  14.5  13.3
R_0850    (%)       75    76    76    76    75    74    73    72    72    73    72    70    71    73    73
Z_0850    (DM)     150   149   150   150   149   149   149   149   148   147   147   147   146   146   146
U_0850    (KT)    -8.2  -3.2   1.4   0.8  -2.3  -2.9  -4.4  -3.5  -2.5  -4.6   1.1   6.2   6.8   9.0  13.1
V_0850    (KT)    -7.2  -2.4  -1.6   3.6   5.1   9.3   3.5   4.1  -2.1  -1.8  -2.3   1.7  -0.8   2.6  -4.8
T_0700    (C)      6.7   6.5   6.3   6.7   6.8   6.4   5.8   6.3   6.5   6.0   5.8   6.1   6.0   5.4   4.7
R_0700    (%)       51    52    53    52    51    53    56    55    53    57    57    56    56    60    62
Z_0700    (DM)     312   311   311   312   311   311   310   310   309   309   309   309   308   307   307
U_0700    (KT)    -0.3   1.0   1.1   2.8   0.5  -2.2  -3.4  -2.9  -4.3  -4.4  -0.8   4.7   3.9   9.5  13.5
V_0700    (KT)    -3.3  -2.7   0.8   5.6   4.2   7.2   4.2   3.5  -2.1  -2.0  -3.4  -1.2  -2.6  -0.5  -7.7
T_0500    (C)     -8.9  -8.7  -8.8  -8.3  -8.4  -8.5  -8.8  -8.9  -8.8  -9.1  -9.2  -9.1  -8.8  -9.1 -10.0
R_0500    (%)       31    28    31    32    34    34    35    36    34    37    38    35    31    38    46
Z_0500    (DM)     580   579   580   581   580   579   579   579   578   577   577   577   576   575   574
U_0500    (KT)     4.2   9.2   7.7   8.9   5.5   0.9  -0.7  -1.0  -2.1   0.3   2.1   8.4  11.4  15.4  19.3
V_0500    (KT)    -1.4   1.2   3.5   6.9   6.4   8.4   6.3   3.8  -0.5  -2.6  -5.6  -0.4  -3.6  -3.9  -4.4
T_0400    (C)    -20.0 -20.2 -20.7 -20.4 -20.5 -20.7 -21.0 -20.9 -20.8 -20.9 -21.0 -20.8 -20.5 -20.8 -21.5
R_0400    (%)       29    28    34    33    37    42    46    46    46    44    47    44    41    47    56
Z_0400    (DM)     749   749   749   750   749   748   748   748   747   746   746   746   745   744   742
U_0400    (KT)     7.6  14.9   9.5   9.7   5.9   0.8  -1.8  -0.4  -0.4  -0.9   3.3  11.7  14.5  17.3  22.1
V_0400    (KT)     4.1   3.4   4.0   9.2   7.9   8.2   6.2   4.8  -2.6  -4.3  -4.4  -2.4  -5.5  -6.0  -2.5
T_0300    (C)    -36.0 -36.3 -36.9 -36.2 -35.8 -36.2 -36.6 -36.4 -36.3 -36.5 -36.8 -36.6 -36.2 -36.6 -36.8
R_0300    (%)       40    44    49    50    53    61    71    73    68    67    66    63    54    56    62
Z_0300    (DM)     956   955   954   956   955   955   953   954   953   952   951   952   952   950   948
U_0300    (KT)     7.1  14.6  10.0   8.7   6.5   1.1  -4.3  -1.6   1.7   0.9   3.9  14.1  18.8  21.7  23.0
V_0300    (KT)     5.9   5.6   6.1  10.4   9.0   6.5   4.9   3.5  -4.2  -8.2  -5.0  -2.0  -3.3  -5.5  -2.7
T_0250    (C)    -44.1 -44.0 -44.8 -44.1 -43.9 -44.6 -45.4 -45.7 -45.6 -46.1 -46.4 -46.5 -46.0 -46.4 -46.8
R_0250    (%)       40    37    44    45    48    56    66    73    71    75    76    75    62    63    67
Z_0250    (DM)    1080  1079  1078  1080  1080  1079  1077  1077  1077  1076  1075  1076  1075  1074  1071
U_0250    (KT)     7.4  17.4  11.3  12.7   9.3  -0.4  -2.9  -0.5  -0.8   1.9   5.1  14.0  20.3  24.2  25.5
V_0250    (KT)     8.4   6.4   6.9  11.2   7.8   7.2   7.9   3.4  -2.8  -6.0  -5.0  -2.2  -2.3  -5.6  -4.6
T_0200    (C)    -52.0 -51.5 -52.0 -52.3 -52.4 -53.2 -53.8 -54.3 -54.5 -54.8 -55.1 -55.6 -55.6 -56.2 -56.8
R_0200    (%)       43    35    36    38    38    43    48    54    53    51    47    51    49    48    49
Z_0200    (DM)    1227  1226  1225  1227  1227  1225  1223  1223  1222  1221  1220  1220  1220  1218  1215
U_0200    (KT)    17.9  25.1  24.1  23.4  17.5  14.4   6.4   2.2   7.0  11.6   8.8  20.0  26.3  30.7  34.9
V_0200    (KT)     7.7   5.8   6.8   9.8  12.0  13.0   4.8   6.1   3.7  -7.4  -8.0   0.0  -2.5  -3.5  -3.9
T_0150    (C)    -59.8 -59.7 -59.5 -59.9 -60.0 -60.0 -60.4 -60.1 -59.5 -59.8 -59.9 -60.4 -60.6 -61.4 -61.3
R_0150    (%)        8     7     5     7     8     9    13    12    10    10     9    10    10    10     9
Z_0150    (DM)    1410  1409  1408  1410  1409  1407  1405  1404  1404  1402  1401  1401  1401  1398  1395
U_0150    (KT)    33.0  32.8  30.7  31.2  28.8  32.4  21.3  21.9  25.6  22.1  28.6  34.3  39.2  43.0  46.1
V_0150    (KT)    -0.3  -3.2   0.8   4.5   8.5   8.0   3.6   9.0   4.6  -1.6  -3.7   0.7  -1.9  -1.1  -3.1
T_0100    (C)    -67.8 -68.3 -68.4 -68.1 -67.6 -67.1 -66.2 -65.9 -65.2 -65.0 -64.9 -65.2 -65.0 -64.7 -64.1
R_0100    (%)        0     0     0     0     0     0     0     0     0     0     0     0     0     0     0
Z_0100    (DM)    1658  1657  1656  1658  1658  1656  1654  1654  1654  1652  1651  1651  1651  1647  1645
U_0100    (KT)    13.1  18.3  19.1  16.8  17.5  17.8  19.2  18.9  21.1  21.8  22.9  26.9  30.5  36.1  32.1
V_0100    (KT)    -5.3  -2.8  -7.2  -5.2  -3.3  -2.1  -1.1   0.4   1.7   0.3  -5.0   2.6  -0.4  -3.0  -7.5

                ------------------------------------------------------     CUSTOM DATA     ---------------------------------------------------------

NVAR 000

                ------------------------------------------------------     COMMENTS     ------------------------------------------------------------

               *   SST, OHC averaged in five closest points under storm center [C, kJ/cm2]   *
               *   MAXWIND, RMW, MINSLP, TPW within 0-200km around storm center [kt, km, hPa, mm]   *
               *   U, V, SHR averaged from 0-500km around storm center [kt, kt, kt]   *
               *   850VORT, 200DVRG averaged from 0-1000km around storm center [x10^7 /s, x10^7 /s]   *
               *   850TANG is 0-600km average symmetric wind [x10 m/s]   *
               *   T, RH, Z, P averaged from 200-800km around storm center [C, %, dm, hPa]   *
	       
